2191389281
3334170694
771004332
3661051782
536858936
2148296978
3029035736
513358574
1773830749
154023776
1653292983
4129034530
2270925501
2010653151
2542077577
178030649
1827181771
484875888
1324210965
1800683694
3205402778
1042490548
1429670550
522108801
857862777
4193867519
2322233965
3307522334
1360684127
2507655510
607185306
164395687
1195629805
2074256580
3101052911
2781965865
2703677716
2714388376
2917877873
1719275640
3769045606
1748011769
2823897308
2304515605
1593218534
1223485447
1401585563
148569669
62698795
117749463
2347539008
1303417999
2145908060
550805175
2965554806
232850615
3248435675
4072940444
4236681175
4181497837
1153072523
4116197356
1447753315
2700247723
900416700
3325206181
3601184841
2622869341
1659850052
1713257990
230075728
3876880026
539991339
3058942388
18213794
1039604234
1977415133
2094641857
4039800326
2096867075
118501707
2749469285
1908326971
2303993990
2997128959
1667566980
942286435
3785097410
2358458765
3365997598
3611249052
1549037249
3668717812
2070430639
295437205
2931319978
2874741165
2676757987
2612509008
3062306324
3099051638
3112482960
1453547491
3505909842
3800905047
2085575376
1982130771
563118256
350379166
3777277663
2653793241
986176170
1036006516
2909291974
2077571949
3649486095
1966618702
2102737403
1072632215
1925163425
40840715
3841383907
1054875479
1459377668
553190203
3927167868
118951467
2175638862
437566228
1930533554
1831416898
2493316981
393720231
3784416026
1064704259
421063098
1738238361
396466734
4151511472
1462106379
3624466119
2853778039
3813301445
2761593841
1368710540
907762410
587098566
3040713696
3352196987
2514725899
2158032588
202789420
2996930994
3400336446
698125419
3525160007
815998308
904853004
2610956752
3097994964
1841123442
1931148296
3348846351
254508485
2264384358
1808543231
2164175556
652147250
3207975931
1158743681
1452149450
3456988205
1579385878
4087453032
2884994640
282365366
347333789
302777040
1334023861
1242740561
429491905
1482818632
3180359587
3770148633
3013429971
644430799
814480278
1184062890
3075803176
2260743621
4031631789
613127786
2063630623
3917252458
1043209236
1189837612
4248485806
122972596
4250661303
2304146265
1964547439
562796260
2479890094
3590290309
2908353558
538184094
1597281696
3138881219
2283597459
2059163912
2739731396
2235124971
2071968138
3829483817
638917740
2519103921
3556205064
4069051053
636988958
1236223879
3379452115
3315895630
1014474661
2267500029
132107159
3394358399
26098663
1495560999
3337935078
3536419999
4199320241
1223415096
2051350328
3104961183
3893125641
2624145234
2047501172
633073554
4238837164
2344731314
97679771
3143264099
2917378396
1377406849
2653304122
4077381432
82700822
1405995358
262681772
3071729945
2904307738
932012254
3549671370
2013923670
1443631522
2034350134
1013397206
1917548029
3066258100
3898927290
1125412181
166296110
3126338532
3407315093
4191506103
1490329377
2280341951
3830920177
2175172469
1926966205
2054409642
2936445509
3135341665
2397868495
597597255
1007955753
3040852340
3057265177
1912118100
2389996140
695497924
4243772066
3034884524
988256074
897655475
3808797489
2024904002
3763071635
365906381
2996134204
1459752124
3131606404
2100800948
407279593
2190778283
3441023616
974953306
301372452
1945337380
2423707271
493668794
995171895
1025325390
3127314068
210421215
611719016
2023328538
1305313993
1987569814
3969201607
3439905078
4243041085
425125324
2319100766
1289722627
1590165648
1915853054
2603957910
1283789012
3153687255
3501715844
3128513026
2945207557
1841702900
3140520299
1495616830
1609121082
1541865921
70797967
1712937415
235787720
4277349304
4269811448
1630596487
2410294797
2886863800
3931983867
3147899798
3246107481
3960741588
2702956664
407932043
2955561730
3696189662
3123317971
3715107694
1272340239
654399876
2977343700
2780557970
1477918864
3899876952
995867306
1326864623
3520906425
1724717952
3290035259
2903953225
2470057889
3437362054
1139090952
2982781586
2825658548
956197989
1057805675
4237088271
1602934830
3533687391
2518047695
740528212
156012014
3705122542
3721197497
822357463
1437534340
3486192825
2291598453
1592158721
1493292141
2056796315
3261168457
4256916406
2952130697
2907420106
2775772812
3367570972
3063964975
1867562818
1106667587
1582099379
1307131071
4258323020
623584233
1395396194
2083413678
3365069486
2754072205
1561919428
917886257
3058376040
3437623886
1509421171
708688633
3908051105
2877456588
2025251241
801804955
627908484
339237069
3690777022
3919728681
2740784293
2783240804
1507813657
3425853233
258638734
1804829095
526611775
1583320061
1351328476
2292273166
3258582426
4222792470
3755461833
2803119065
2023921116
2873134585
3543568637
3686279878
2001555013
4223248678
1058446709
2442351859
2724251274
129505363
4034057002
672871859
2561940665
2207423731
2544167185
1831291409
2866007833
50039980
3010004653
3689593663
896101425
2361306893
1980108657
4279752665
1582002034
867728516
4073147128
340593213
4033054506
650329674
4108598970
2859502917
975024381
2259145287
790209265
2613170903
739807255
579507904
3073641470
2838584036
2857952094
2509946007
3515654021
3185201216
1413377421
516958083
797411895
2920791290
1410075143
3029772337
1397995264
122588266
1169376902
4063482229
129870362
1367287961
746861179
3919479187
746853334
2091221514
2295331995
2471001580
3289714694
4046556849
266357200
3460687871
791427959
2998312105
4085053513
2808104562
2826702805
588459943
2101496706
3141800307
1324436140
1674555124
1788740348
1317129333
791799160
3230054923
2314122099
316753303
2816066978
3644594938
1500258833
2805636627
3654645448
2602398115
3942557576
1459847033
2195626064
1394439627
3030000577
2587604092
970605470
3039538295
2170729482
3714823253
1446805419
3489746788
2479810492
3984303053
3530558436
1082013184
3323768379
3396928352
875441049
3764604137
1615637920
3301895822
3545573683
2164148755
573355014
1665280379
1643697224
3696549865
1617479736
2553016870
787368583
3205004286
754642140
1225274670
3028322862
950628663
2491141459
4145546366
3812795753
3882584114
3645229663
2516726565
496246284
1104025339
762980790
2198774754
373500361
3349588654
333194897
754464122
2597033723
2832995314
631043504
3377744029
36460169
2118327003
2629930446
1911061992
1202882693
3331703327
3399922433
1266906053
1100579782
2797828977
380946422
4010125089
294260357
2287744985
1721676768
3944277424
2240649884
4264984254
122653205
4102853033
4078857527
4096524729
1621807737
3410173751
134070785
3561581480
380398094
3586292067
1060423597
3701719177
199828481
2167913287
1997054742
1412501592
1615974973
251066256
3286290177
3660461382
3537305953
1419181942
1932213298
310398203
1688343383
2622253248
2737192229
4206992158
1128394054
218205414
278965009
3102031724
2727865381
1516519107
2723791541
1214854634
2360407025
582293860
2110579881
